768f85999b8c46eeb33b9edd2dc89f1a	201406286004,201406286005,201406297002,201406297003,201407012002
99a6bf26326048d2b9cc90a13dac015b	201406275053,201406286004,201406297003,201407012002
ce3533186c7d4d508cc1e68e9a993941	201406286004,201406286005,201406297002,201406297003,201406301001
27e14bb7de684bcea1c925541ce09f31	201406297003,201406301001
c00273df50ef47098822fa3b642c6e5e	201406286005,201406297003,201407012002
3d5da5774fb94975a90a7e785f4ec00a	201406297003,201406301002
82ea31f969234ecca79f212ca72dff0c	201406297002,201406297003,201407012002
64618e2b199c4121973df86526b6890c	201406297002,201406297003,201407012003
93cf4dcc00e64f61937045c1fcf4c2c9	201406286051,201406286053,201406286055,201406286058,201406286061,201406297002,201406297003,201407012003
968b02fda98d41729abcc4e106b0a091	201406286005,201406297003,201407012003
8c9a5763ee904c4c8a329bbfe4081c83	201406297002,201406297003,201406301001
0d141533fb35462383fcb291d1a467c2	201406297002,201406297003,201406301002
a7712ac4c1214c8db5066d042753ab3b	201406297002,201406297003,201407012003
550bc68ebf8443b0b4812cc3e7b1b3f2	201406297002,201406297003,201406297052,201406301001
3124ea37084841b080bafcfce992c0a8	201406297002,201406297003,201406297052,201406301001
5363642b0c9f4be4915357282c1a0b4f	201406297003,201406301001
a971192c24ae4320b17475721aff4ddb	201406297003,201406301001
4db3e4ea6faf416abe54a46f9deb001e	201406297003,201406301002
b2a3af0e385047798a9f27edf8a76907	201406297002,201406297003,201406301001
27db2133d41640b8aabf148ed4fcffd4	201406297002,201406297003,201406301002
7287f2ab08394d5ba65877aaf5950f71	201406297003,201407012002
b7e434fc6e804f8a83ebc199b9f21469	201406297003,201406301001
11fae02b189c4113b33f00a87d3e6724	201406297003,201406301001
89ea6189d6af4656af460bb75b288dfe	201406297003,201406301001
69388047c8ec4a988250a174e7c0add8	201406297003,201406301001
a5e5c5bbf4a24aacaa25007ae62dc4b6	201406297003,201406301002